Symbol,Date,Open,High,Low,Close,Volume
HARDWYN,2022-04-12 00:00:00+05:30,4.29,4.29,4.29,4.29,16800
HARDWYN,2022-04-13 00:00:00+05:30,4.71,4.71,4.43,4.71,382290
HARDWYN,2022-04-18 00:00:00+05:30,5.18,5.18,5.18,5.18,70041
HARDWYN,2022-04-19 00:00:00+05:30,5.43,5.43,5.43,5.43,87078
HARDWYN,2022-04-20 00:00:00+05:30,5.71,5.71,5.18,5.71,2062145
HARDWYN,2022-04-21 00:00:00+05:30,6.0,6.0,6.0,6.0,72337
HARDWYN,2022-04-22 00:00:00+05:30,6.29,6.29,6.07,6.29,1137323
HARDWYN,2022-04-25 00:00:00+05:30,6.61,6.61,6.25,6.61,921854
HARDWYN,2022-04-26 00:00:00+05:30,6.93,6.93,6.93,6.93,178188
HARDWYN,2022-04-27 00:00:00+05:30,7.29,7.29,6.61,7.14,4199076
HARDWYN,2022-04-28 00:00:00+05:30,7.25,7.5,6.82,7.5,1289934
HARDWYN,2022-04-29 00:00:00+05:30,7.79,7.86,7.68,7.86,567157
HARDWYN,2022-05-02 00:00:00+05:30,8.18,8.25,8.18,8.25,176844
HARDWYN,2022-05-04 00:00:00+05:30,8.68,8.68,8.68,8.68,102310
HARDWYN,2022-05-05 00:00:00+05:30,9.11,9.11,8.25,8.89,1956531
HARDWYN,2022-05-06 00:00:00+05:30,112.47,112.47,112.47,112.47,8184
HARDWYN,2022-05-09 00:00:00+05:30,106.86,112.4,106.86,106.86,46815
HARDWYN,2022-05-10 00:00:00+05:30,101.54,101.54,101.54,101.54,5435
HARDWYN,2022-05-11 00:00:00+05:30,96.47,106.61,96.47,106.61,33179
HARDWYN,2022-05-12 00:00:00+05:30,111.18,111.9,108.86,111.9,21968
HARDWYN,2022-05-13 00:00:00+05:30,117.36,117.5,109.54,117.5,22594
HARDWYN,2022-05-16 00:00:00+05:30,123.11,123.36,111.65,119.07,14796
HARDWYN,2022-05-17 00:00:00+05:30,121.43,121.43,113.11,114.32,6510
HARDWYN,2022-05-18 00:00:00+05:30,116.43,120.04,109.57,118.82,18688
HARDWYN,2022-05-19 00:00:00+05:30,112.9,118.07,112.9,113.47,12993
HARDWYN,2022-05-20 00:00:00+05:30,113.11,114.25,107.79,109.61,9633
HARDWYN,2022-05-23 00:00:00+05:30,105.72,112.86,104.11,110.97,9236
HARDWYN,2022-05-24 00:00:00+05:30,106.72,113.15,106.18,110.82,3872
HARDWYN,2022-05-25 00:00:00+05:30,106.18,114.25,105.32,105.72,14507
HARDWYN,2022-05-26 00:00:00+05:30,105.68,107.15,100.43,104.54,10882
HARDWYN,2022-05-27 00:00:00+05:30,101.43,107.15,100.97,104.04,3455
HARDWYN,2022-05-30 00:00:00+05:30,109.18,109.18,100.97,102.11,4582
HARDWYN,2022-05-31 00:00:00+05:30,102.36,107.18,97.18,106.86,206496
HARDWYN,2022-06-01 00:00:00+05:30,110.97,110.97,102.39,107.29,5370
HARDWYN,2022-06-02 00:00:00+05:30,107.29,112.4,104.89,109.57,6178
HARDWYN,2022-06-03 00:00:00+05:30,111.9,115.04,105.82,115.04,11918
HARDWYN,2022-06-06 00:00:00+05:30,119.04,119.04,115.32,118.0,1868
HARDWYN,2022-06-07 00:00:00+05:30,119.04,119.04,112.61,117.79,10084
HARDWYN,2022-06-08 00:00:00+05:30,121.4,123.61,111.9,122.93,258327
HARDWYN,2022-06-09 00:00:00+05:30,128.11,129.07,116.79,116.79,73984
HARDWYN,2022-06-10 00:00:00+05:30,110.97,116.68,110.97,110.97,16220
HARDWYN,2022-06-13 00:00:00+05:30,110.97,110.97,105.82,106.68,9045
HARDWYN,2022-06-14 00:00:00+05:30,104.72,106.68,101.32,104.04,9038
HARDWYN,2022-06-15 00:00:00+05:30,104.29,109.25,100.0,102.0,19706
HARDWYN,2022-06-16 00:00:00+05:30,104.75,107.11,97.39,107.11,297467
HARDWYN,2022-06-17 00:00:00+05:30,107.11,112.43,106.22,112.43,7371
HARDWYN,2022-06-20 00:00:00+05:30,114.29,118.04,111.32,113.18,11338
HARDWYN,2022-06-21 00:00:00+05:30,8.75,8.89,8.18,8.39,73457
HARDWYN,2022-06-22 00:00:00+05:30,8.21,8.54,8.0,8.43,445359
HARDWYN,2022-06-23 00:00:00+05:30,8.71,8.71,8.32,8.39,68655
HARDWYN,2022-06-24 00:00:00+05:30,8.36,8.61,8.07,8.21,90606
HARDWYN,2022-06-27 00:00:00+05:30,8.61,8.61,8.07,8.21,113454
HARDWYN,2022-06-28 00:00:00+05:30,8.29,8.61,8.04,8.61,149293
HARDWYN,2022-06-29 00:00:00+05:30,8.93,8.93,8.29,8.43,74591
HARDWYN,2022-06-30 00:00:00+05:30,8.43,8.54,8.0,8.04,130309
HARDWYN,2022-07-01 00:00:00+05:30,8.04,8.11,7.89,8.0,135727
HARDWYN,2022-07-04 00:00:00+05:30,7.79,8.39,7.68,7.93,154711
HARDWYN,2022-07-05 00:00:00+05:30,8.29,8.29,7.68,7.89,38345
HARDWYN,2022-07-06 00:00:00+05:30,7.71,8.07,7.61,8.0,122008
HARDWYN,2022-07-07 00:00:00+05:30,8.36,8.36,8.04,8.21,226123
HARDWYN,2022-07-08 00:00:00+05:30,8.54,8.54,8.25,8.39,119880
HARDWYN,2022-07-11 00:00:00+05:30,8.71,8.82,8.39,8.82,4883648
HARDWYN,2022-07-12 00:00:00+05:30,8.96,9.25,8.96,9.25,194638
HARDWYN,2022-07-13 00:00:00+05:30,9.71,9.71,9.32,9.68,2127383
HARDWYN,2022-07-14 00:00:00+05:30,9.93,9.93,9.21,9.5,897984
HARDWYN,2022-07-15 00:00:00+05:30,9.21,9.57,9.04,9.04,485622
HARDWYN,2022-07-18 00:00:00+05:30,9.29,9.29,8.75,9.04,268235
HARDWYN,2022-07-19 00:00:00+05:30,9.11,9.32,9.0,9.21,323716
HARDWYN,2022-07-20 00:00:00+05:30,9.39,9.46,9.18,9.21,290004
HARDWYN,2022-07-21 00:00:00+05:30,9.39,9.39,9.14,9.29,164189
HARDWYN,2022-07-22 00:00:00+05:30,9.61,9.75,9.21,9.75,780162
HARDWYN,2022-07-25 00:00:00+05:30,10.21,10.21,10.11,10.21,176018
HARDWYN,2022-07-26 00:00:00+05:30,10.75,10.75,10.75,10.75,77152
HARDWYN,2022-07-27 00:00:00+05:30,11.04,11.04,10.21,10.21,341075
HARDWYN,2022-07-28 00:00:00+05:30,9.71,10.71,9.71,10.71,1079812
HARDWYN,2022-07-29 00:00:00+05:30,10.96,11.18,10.25,10.93,650147
HARDWYN,2022-08-01 00:00:00+05:30,10.89,11.11,10.39,10.57,153605
HARDWYN,2022-08-02 00:00:00+05:30,10.64,11.11,10.46,11.11,2861305
HARDWYN,2022-08-03 00:00:00+05:30,11.61,11.61,11.07,11.14,241593
HARDWYN,2022-08-04 00:00:00+05:30,10.96,11.36,10.57,10.61,214140
HARDWYN,2022-08-05 00:00:00+05:30,10.39,11.14,10.29,10.71,316282
HARDWYN,2022-08-08 00:00:00+05:30,10.46,10.61,10.18,10.25,1417738
HARDWYN,2022-08-10 00:00:00+05:30,10.43,10.5,9.86,10.36,1843651
HARDWYN,2022-08-11 00:00:00+05:30,10.43,10.61,9.89,10.11,209870
HARDWYN,2022-08-12 00:00:00+05:30,10.43,10.43,9.61,10.18,132367
HARDWYN,2022-08-16 00:00:00+05:30,9.96,10.43,9.71,10.14,304284
HARDWYN,2022-08-17 00:00:00+05:30,10.07,10.11,9.93,10.0,83284
HARDWYN,2022-08-18 00:00:00+05:30,9.93,10.32,9.75,10.18,218956
HARDWYN,2022-08-19 00:00:00+05:30,10.18,10.18,9.93,9.96,137407
HARDWYN,2022-08-22 00:00:00+05:30,9.96,10.46,9.96,10.46,4131275
HARDWYN,2022-08-23 00:00:00+05:30,10.61,11.0,10.61,11.0,724948
HARDWYN,2022-08-24 00:00:00+05:30,11.36,11.54,10.82,11.54,1130505
HARDWYN,2022-08-25 00:00:00+05:30,12.11,12.11,11.82,12.11,260745
HARDWYN,2022-08-26 00:00:00+05:30,12.71,12.71,11.79,12.04,716338
HARDWYN,2022-08-29 00:00:00+05:30,11.93,12.25,11.43,12.14,607014
HARDWYN,2022-08-30 00:00:00+05:30,12.54,12.54,11.79,12.14,137323
HARDWYN,2022-09-01 00:00:00+05:30,12.43,12.68,11.93,12.29,196290
HARDWYN,2022-09-02 00:00:00+05:30,12.25,12.57,12.04,12.18,85790
HARDWYN,2022-09-05 00:00:00+05:30,12.54,12.54,11.64,12.07,126893
HARDWYN,2022-09-06 00:00:00+05:30,11.79,12.68,11.57,12.64,680596
HARDWYN,2022-09-07 00:00:00+05:30,13.0,13.25,12.43,13.14,233053
HARDWYN,2022-09-08 00:00:00+05:30,13.39,13.64,12.86,13.32,175542
HARDWYN,2022-09-09 00:00:00+05:30,13.32,13.96,12.86,13.54,1184026
HARDWYN,2022-09-12 00:00:00+05:30,13.86,13.89,13.07,13.39,273779
HARDWYN,2022-09-13 00:00:00+05:30,13.11,13.54,12.71,13.29,615526
HARDWYN,2022-09-14 00:00:00+05:30,12.96,13.96,12.96,13.96,246059
HARDWYN,2022-09-15 00:00:00+05:30,14.18,14.46,13.96,14.11,137715
HARDWYN,2022-09-16 00:00:00+05:30,14.18,14.79,13.68,14.43,756601
HARDWYN,2022-09-19 00:00:00+05:30,14.96,15.14,14.71,15.0,333655
HARDWYN,2022-09-20 00:00:00+05:30,15.32,15.46,14.89,15.14,299860
HARDWYN,2022-09-21 00:00:00+05:30,15.46,15.54,14.82,15.07,140725
HARDWYN,2022-09-22 00:00:00+05:30,14.46,15.21,14.46,15.07,72197
HARDWYN,2022-09-23 00:00:00+05:30,15.36,15.36,14.46,14.57,122400
HARDWYN,2022-09-26 00:00:00+05:30,14.36,14.64,13.82,13.82,177502
HARDWYN,2022-09-27 00:00:00+05:30,14.25,14.25,13.14,13.32,112110
HARDWYN,2022-09-28 00:00:00+05:30,13.32,13.96,12.75,13.96,219558
HARDWYN,2022-09-29 00:00:00+05:30,14.5,14.68,14.14,14.46,228237
HARDWYN,2022-09-30 00:00:00+05:30,14.96,14.96,13.86,14.57,240305
HARDWYN,2022-10-03 00:00:00+05:30,15.21,15.21,14.0,14.68,247501
HARDWYN,2022-10-04 00:00:00+05:30,15.14,15.14,14.04,14.46,247963
HARDWYN,2022-10-06 00:00:00+05:30,14.71,15.0,14.14,14.57,137127
HARDWYN,2022-10-07 00:00:00+05:30,14.79,14.79,14.07,14.25,102212
HARDWYN,2022-10-10 00:00:00+05:30,14.46,14.46,13.93,14.14,116870
HARDWYN,2022-10-11 00:00:00+05:30,14.61,14.61,13.79,13.93,1951743
HARDWYN,2022-10-12 00:00:00+05:30,14.18,14.39,13.54,13.68,50581
HARDWYN,2022-10-13 00:00:00+05:30,13.64,14.18,13.25,13.32,83732
HARDWYN,2022-10-14 00:00:00+05:30,13.75,13.79,13.14,13.29,82878
HARDWYN,2022-10-17 00:00:00+05:30,13.89,13.89,12.86,12.93,47823
HARDWYN,2022-10-18 00:00:00+05:30,13.21,13.57,12.5,13.29,186812
HARDWYN,2022-10-19 00:00:00+05:30,13.86,13.86,12.89,13.07,56657
HARDWYN,2022-10-20 00:00:00+05:30,13.36,13.71,12.71,13.43,146605
HARDWYN,2022-10-21 00:00:00+05:30,13.96,14.11,12.96,14.07,4207364
HARDWYN,2022-10-24 00:00:00+05:30,14.64,14.71,14.14,14.43,159037
HARDWYN,2022-10-25 00:00:00+05:30,14.64,14.64,14.25,14.36,36861
HARDWYN,2022-10-27 00:00:00+05:30,14.64,15.07,13.71,14.79,347081
HARDWYN,2022-10-28 00:00:00+05:30,14.89,15.54,14.64,15.46,1138443
HARDWYN,2022-10-31 00:00:00+05:30,15.79,16.07,14.82,15.0,292664
HARDWYN,2022-11-01 00:00:00+05:30,14.64,15.39,14.25,15.29,825087
HARDWYN,2022-11-02 00:00:00+05:30,15.0,15.54,15.0,15.18,270363
HARDWYN,2022-11-03 00:00:00+05:30,15.0,15.64,14.93,15.32,364721
HARDWYN,2022-11-04 00:00:00+05:30,15.79,16.11,15.07,15.96,672491
HARDWYN,2022-11-07 00:00:00+05:30,16.07,16.61,15.82,16.04,523086
HARDWYN,2022-11-09 00:00:00+05:30,16.32,16.82,15.61,16.82,2564203
HARDWYN,2022-11-10 00:00:00+05:30,17.14,17.68,16.82,17.5,818424
HARDWYN,2022-11-11 00:00:00+05:30,18.25,18.25,17.21,17.36,389962
HARDWYN,2022-11-14 00:00:00+05:30,17.71,17.71,17.36,17.54,263265
HARDWYN,2022-11-15 00:00:00+05:30,17.68,18.21,16.89,18.0,1269173
HARDWYN,2022-11-16 00:00:00+05:30,18.07,18.25,17.11,18.04,649531
HARDWYN,2022-11-17 00:00:00+05:30,18.57,18.57,17.75,18.04,359401
HARDWYN,2022-11-18 00:00:00+05:30,18.46,18.93,17.64,17.93,430925
HARDWYN,2022-11-21 00:00:00+05:30,17.89,17.93,17.04,17.14,189906
HARDWYN,2022-11-22 00:00:00+05:30,16.96,17.61,16.61,17.32,371945
HARDWYN,2022-11-23 00:00:00+05:30,16.89,17.43,16.89,17.11,197004
HARDWYN,2022-11-24 00:00:00+05:30,17.57,17.96,16.89,17.54,435881
HARDWYN,2022-11-25 00:00:00+05:30,17.61,17.82,17.04,17.75,189668
HARDWYN,2022-11-28 00:00:00+05:30,18.21,18.21,17.43,18.04,504396
HARDWYN,2022-11-29 00:00:00+05:30,18.46,18.46,17.46,17.61,114056
HARDWYN,2022-11-30 00:00:00+05:30,17.57,18.0,17.25,17.39,135671
HARDWYN,2022-12-01 00:00:00+05:30,17.54,18.14,17.18,18.0,471721
HARDWYN,2022-12-02 00:00:00+05:30,18.14,18.14,17.71,17.75,105782
HARDWYN,2022-12-05 00:00:00+05:30,18.04,18.04,17.0,17.18,145989
HARDWYN,2022-12-06 00:00:00+05:30,17.68,17.68,16.93,17.43,73975
HARDWYN,2022-12-07 00:00:00+05:30,17.82,17.82,16.96,17.61,94694
HARDWYN,2022-12-08 00:00:00+05:30,17.86,17.86,17.36,17.46,110584
HARDWYN,2022-12-09 00:00:00+05:30,17.46,17.54,16.93,17.0,118494
HARDWYN,2022-12-12 00:00:00+05:30,17.04,17.68,17.04,17.29,152751
HARDWYN,2022-12-13 00:00:00+05:30,17.71,17.71,16.61,16.71,171287
HARDWYN,2022-12-14 00:00:00+05:30,16.96,17.29,15.71,16.64,731737
HARDWYN,2022-12-15 00:00:00+05:30,16.89,17.11,16.5,16.61,84446
HARDWYN,2022-12-16 00:00:00+05:30,16.61,16.96,16.36,16.61,87680
HARDWYN,2022-12-19 00:00:00+05:30,16.96,17.61,15.89,16.39,142279
HARDWYN,2022-12-20 00:00:00+05:30,16.43,17.29,16.43,17.0,160227
HARDWYN,2022-12-21 00:00:00+05:30,17.14,17.29,16.07,16.29,150917
HARDWYN,2022-12-22 00:00:00+05:30,16.18,16.89,14.79,15.54,279378
HARDWYN,2022-12-23 00:00:00+05:30,15.43,15.79,14.46,14.54,169005
HARDWYN,2022-12-26 00:00:00+05:30,14.18,15.32,14.18,15.11,126837
HARDWYN,2022-12-27 00:00:00+05:30,16.61,16.61,15.0,15.39,126767
HARDWYN,2022-12-28 00:00:00+05:30,15.39,16.93,15.0,16.89,732115
HARDWYN,2022-12-29 00:00:00+05:30,16.89,18.46,16.43,17.86,705656
HARDWYN,2022-12-30 00:00:00+05:30,18.39,18.75,17.82,18.57,495310
HARDWYN,2023-01-02 00:00:00+05:30,18.64,19.0,18.04,18.14,172239
HARDWYN,2023-01-03 00:00:00+05:30,18.39,18.39,18.0,18.18,107700
HARDWYN,2023-01-04 00:00:00+05:30,18.36,18.46,17.68,17.89,75374
HARDWYN,2023-01-05 00:00:00+05:30,17.93,18.21,17.11,17.25,156125
HARDWYN,2023-01-06 00:00:00+05:30,17.32,17.36,16.93,17.21,62103
HARDWYN,2023-01-09 00:00:00+05:30,17.57,17.57,17.0,17.14,97382
HARDWYN,2023-01-10 00:00:00+05:30,17.11,17.93,16.79,17.11,59569
HARDWYN,2023-01-11 00:00:00+05:30,17.29,17.5,17.07,17.21,40095
HARDWYN,2023-01-12 00:00:00+05:30,17.61,17.61,16.93,17.07,126613
HARDWYN,2023-01-13 00:00:00+05:30,17.21,17.57,17.0,17.18,80148
HARDWYN,2023-01-16 00:00:00+05:30,17.0,17.39,16.96,17.21,40165
HARDWYN,2023-01-17 00:00:00+05:30,17.25,17.5,16.57,17.07,94960
HARDWYN,2023-01-18 00:00:00+05:30,17.18,17.54,17.07,17.39,82528
HARDWYN,2023-01-19 00:00:00+05:30,17.79,17.79,16.68,16.86,193882
HARDWYN,2023-01-20 00:00:00+05:30,17.25,17.25,16.54,16.71,70559
HARDWYN,2023-01-23 00:00:00+05:30,17.32,17.5,16.68,17.25,161291
HARDWYN,2023-01-24 00:00:00+05:30,17.54,17.71,16.68,16.89,101022
HARDWYN,2023-01-25 00:00:00+05:30,16.89,16.96,16.25,16.32,104228
HARDWYN,2023-01-27 00:00:00+05:30,16.5,16.5,15.57,15.79,128181
HARDWYN,2023-01-30 00:00:00+05:30,16.32,16.54,15.57,16.54,1317878
HARDWYN,2023-01-31 00:00:00+05:30,17.04,17.04,16.14,16.54,5000406
HARDWYN,2023-02-01 00:00:00+05:30,16.93,16.93,16.14,16.39,130183
HARDWYN,2023-02-02 00:00:00+05:30,16.32,16.71,16.14,16.21,75934
HARDWYN,2023-02-03 00:00:00+05:30,16.21,16.36,15.43,15.68,141901
HARDWYN,2023-02-06 00:00:00+05:30,15.11,16.46,15.11,16.46,1649727
HARDWYN,2023-02-07 00:00:00+05:30,16.39,16.54,15.82,16.18,97928
HARDWYN,2023-02-08 00:00:00+05:30,16.5,16.86,15.93,16.43,130813
HARDWYN,2023-02-09 00:00:00+05:30,16.71,16.71,16.07,16.21,64511
HARDWYN,2023-02-10 00:00:00+05:30,16.54,16.54,16.0,16.14,50077
HARDWYN,2023-02-13 00:00:00+05:30,16.18,16.86,15.89,16.18,46353
HARDWYN,2023-02-14 00:00:00+05:30,16.14,16.46,15.79,16.11,35055
HARDWYN,2023-02-15 00:00:00+05:30,16.43,16.93,16.07,16.43,2521784
HARDWYN,2023-02-16 00:00:00+05:30,16.36,16.54,16.07,16.32,53535
HARDWYN,2023-02-17 00:00:00+05:30,16.82,16.82,15.96,16.25,32353
HARDWYN,2023-02-20 00:00:00+05:30,17.18,17.18,15.96,16.32,46941
HARDWYN,2023-02-21 00:00:00+05:30,16.43,16.5,16.11,16.29,50847
HARDWYN,2023-02-22 00:00:00+05:30,16.07,16.32,15.32,15.64,101344
HARDWYN,2023-02-23 00:00:00+05:30,15.21,16.32,15.21,15.82,98880
HARDWYN,2023-02-24 00:00:00+05:30,16.86,16.86,15.54,15.79,98838
HARDWYN,2023-02-27 00:00:00+05:30,16.07,16.07,15.07,15.39,42909
HARDWYN,2023-02-28 00:00:00+05:30,15.68,16.0,15.39,15.5,58309
HARDWYN,2023-03-01 00:00:00+05:30,15.14,15.68,15.14,15.46,2145835
HARDWYN,2023-03-02 00:00:00+05:30,15.71,16.61,15.5,16.39,165757
HARDWYN,2023-03-03 00:00:00+05:30,16.71,16.71,16.11,16.25,83956
HARDWYN,2023-03-06 00:00:00+05:30,15.89,16.32,15.68,15.86,61921
HARDWYN,2023-03-08 00:00:00+05:30,16.21,16.21,15.46,15.89,55117
HARDWYN,2023-03-09 00:00:00+05:30,16.18,16.18,15.68,15.93,30855
HARDWYN,2023-03-10 00:00:00+05:30,16.11,16.11,15.61,15.89,44337
HARDWYN,2023-03-13 00:00:00+05:30,15.68,16.21,15.54,15.68,62943
HARDWYN,2023-03-14 00:00:00+05:30,15.68,15.79,15.39,15.61,23422
HARDWYN,2023-03-15 00:00:00+05:30,16.21,17.07,15.64,16.79,332927
HARDWYN,2023-03-16 00:00:00+05:30,17.21,17.21,16.07,16.32,108288
HARDWYN,2023-03-17 00:00:00+05:30,16.64,16.64,16.04,16.21,61053
HARDWYN,2023-03-20 00:00:00+05:30,16.54,16.61,15.79,16.0,95254
HARDWYN,2023-03-21 00:00:00+05:30,16.18,16.64,15.82,16.0,117948
HARDWYN,2023-03-22 00:00:00+05:30,16.0,16.39,15.79,15.89,66583
HARDWYN,2023-03-23 00:00:00+05:30,16.21,16.21,15.32,15.46,74437
HARDWYN,2023-03-24 00:00:00+05:30,15.71,15.86,15.36,15.75,5340627
HARDWYN,2023-03-27 00:00:00+05:30,15.96,16.11,15.54,15.61,70279
HARDWYN,2023-03-28 00:00:00+05:30,15.29,15.79,14.61,14.89,236497
HARDWYN,2023-03-29 00:00:00+05:30,15.11,15.11,14.32,14.43,206510
HARDWYN,2023-03-31 00:00:00+05:30,14.68,14.71,13.61,13.96,153829
HARDWYN,2023-04-03 00:00:00+05:30,13.61,13.86,12.57,13.46,872421
HARDWYN,2023-04-05 00:00:00+05:30,13.68,14.82,13.68,14.0,580862
HARDWYN,2023-04-06 00:00:00+05:30,14.07,14.57,13.57,13.82,212796
HARDWYN,2023-04-10 00:00:00+05:30,14.04,14.71,14.0,14.07,323002
HARDWYN,2023-04-11 00:00:00+05:30,14.07,14.21,13.57,13.89,247907
HARDWYN,2023-04-12 00:00:00+05:30,14.11,14.25,13.39,13.61,271497
HARDWYN,2023-04-13 00:00:00+05:30,13.82,16.32,13.61,16.32,1975234
HARDWYN,2023-04-17 00:00:00+05:30,17.39,19.54,17.39,18.07,13311494
HARDWYN,2023-04-18 00:00:00+05:30,18.0,18.25,16.75,17.14,1760143
HARDWYN,2023-04-19 00:00:00+05:30,17.54,18.46,17.14,18.21,1407798
HARDWYN,2023-04-20 00:00:00+05:30,18.32,19.0,17.96,18.11,891404
HARDWYN,2023-04-21 00:00:00+05:30,18.43,18.43,18.07,18.21,702506
HARDWYN,2023-04-24 00:00:00+05:30,18.5,18.96,17.89,18.5,853591
HARDWYN,2023-04-25 00:00:00+05:30,18.64,18.79,18.25,18.68,4169327
HARDWYN,2023-04-26 00:00:00+05:30,18.75,19.54,18.64,18.79,1728797
HARDWYN,2023-04-27 00:00:00+05:30,18.93,19.32,18.75,19.18,1027117
HARDWYN,2023-04-28 00:00:00+05:30,19.54,19.71,19.25,19.5,825423
HARDWYN,2023-05-02 00:00:00+05:30,19.79,19.93,19.46,19.57,528363
HARDWYN,2023-05-03 00:00:00+05:30,19.82,19.82,19.36,19.68,455215
HARDWYN,2023-05-04 00:00:00+05:30,19.79,20.18,19.71,20.07,932759
HARDWYN,2023-05-05 00:00:00+05:30,20.14,21.11,20.14,20.68,1182850
HARDWYN,2023-05-08 00:00:00+05:30,20.89,21.36,20.54,20.86,3043875
HARDWYN,2023-05-09 00:00:00+05:30,21.21,21.21,19.75,19.89,1289206
HARDWYN,2023-05-10 00:00:00+05:30,19.96,20.29,19.39,19.75,532087
HARDWYN,2023-05-11 00:00:00+05:30,19.82,20.04,18.29,18.96,656475
HARDWYN,2023-05-12 00:00:00+05:30,18.57,19.0,17.29,18.5,1011060
HARDWYN,2023-05-15 00:00:00+05:30,18.64,19.96,18.64,19.79,582220
HARDWYN,2023-05-16 00:00:00+05:30,20.29,20.29,19.89,20.14,329665
HARDWYN,2023-05-17 00:00:00+05:30,20.25,20.29,19.89,20.07,173975
HARDWYN,2023-05-18 00:00:00+05:30,20.29,20.36,19.36,19.54,414994
HARDWYN,2023-05-19 00:00:00+05:30,19.71,20.0,19.54,19.71,4790270
HARDWYN,2023-05-22 00:00:00+05:30,20.0,20.61,19.89,20.18,567227
HARDWYN,2023-05-23 00:00:00+05:30,20.39,20.46,20.18,20.25,305600
HARDWYN,2023-05-24 00:00:00+05:30,20.36,20.82,20.11,20.68,912278
HARDWYN,2023-05-25 00:00:00+05:30,20.68,23.5,20.68,22.21,3401666
HARDWYN,2023-05-26 00:00:00+05:30,22.25,22.25,19.68,21.5,3894330
HARDWYN,2023-05-29 00:00:00+05:30,21.82,22.75,21.21,22.21,2139871
HARDWYN,2023-05-30 00:00:00+05:30,22.5,22.54,21.64,22.11,1054109
HARDWYN,2023-05-31 00:00:00+05:30,22.43,23.29,22.25,23.18,1949503
HARDWYN,2023-06-01 00:00:00+05:30,23.71,27.79,23.61,27.79,11741607
HARDWYN,2023-06-02 00:00:00+05:30,28.21,33.36,27.96,33.32,34441397
HARDWYN,2023-06-05 00:00:00+05:30,36.64,36.64,33.71,36.5,3128228
HARDWYN,2023-06-06 00:00:00+05:30,33.71,40.14,32.86,38.57,8670057
HARDWYN,2023-06-07 00:00:00+05:30,39.29,40.82,38.86,39.32,1549054
HARDWYN,2023-06-08 00:00:00+05:30,39.93,40.29,37.29,37.68,1137712
HARDWYN,2023-06-09 00:00:00+05:30,36.68,37.14,35.07,35.72,1607453
HARDWYN,2023-06-12 00:00:00+05:30,35.72,37.14,32.29,35.89,1770545
HARDWYN,2023-06-13 00:00:00+05:30,36.43,37.64,35.79,37.07,1238457
HARDWYN,2023-06-14 00:00:00+05:30,37.64,37.64,35.82,36.11,3188697
HARDWYN,2023-06-15 00:00:00+05:30,36.14,36.61,34.46,34.86,425580
HARDWYN,2023-06-16 00:00:00+05:30,35.32,35.89,34.64,35.18,343765
HARDWYN,2023-06-19 00:00:00+05:30,35.5,35.54,34.29,34.39,254885
HARDWYN,2023-06-20 00:00:00+05:30,34.36,34.64,33.11,33.75,284302
HARDWYN,2023-06-21 00:00:00+05:30,34.11,34.11,32.57,32.71,273013
HARDWYN,2023-06-22 00:00:00+05:30,32.39,33.5,31.89,32.18,399716
HARDWYN,2023-06-23 00:00:00+05:30,31.43,33.39,30.04,30.43,1324302
HARDWYN,2023-06-26 00:00:00+05:30,29.64,30.04,27.68,27.86,1070603
HARDWYN,2023-06-27 00:00:00+05:30,27.64,28.32,25.18,25.64,1398331
HARDWYN,2023-06-28 00:00:00+05:30,25.11,26.89,24.86,26.89,1592307
HARDWYN,2023-06-30 00:00:00+05:30,27.71,28.21,27.5,28.21,155002
HARDWYN,2023-07-03 00:00:00+05:30,29.61,29.61,29.61,29.61,56357
HARDWYN,2023-07-04 00:00:00+05:30,31.07,31.07,31.07,31.07,87581
HARDWYN,2023-07-05 00:00:00+05:30,32.61,32.61,30.14,32.43,2999577
HARDWYN,2023-07-06 00:00:00+05:30,32.14,32.14,30.82,30.82,921812
HARDWYN,2023-07-07 00:00:00+05:30,30.0,31.79,29.79,31.43,644242
HARDWYN,2023-07-10 00:00:00+05:30,31.57,31.57,30.25,30.54,291645
HARDWYN,2023-07-11 00:00:00+05:30,30.89,31.71,30.21,30.36,335594
HARDWYN,2023-07-12 00:00:00+05:30,30.61,30.71,29.29,29.43,332771
HARDWYN,2023-07-13 00:00:00+05:30,29.61,29.86,28.39,28.89,239863
HARDWYN,2023-07-14 00:00:00+05:30,29.11,29.71,28.5,29.46,240924
HARDWYN,2023-07-17 00:00:00+05:30,29.82,30.93,29.5,30.93,357472
HARDWYN,2023-07-18 00:00:00+05:30,32.39,32.46,31.25,31.71,1352107
HARDWYN,2023-07-19 00:00:00+05:30,31.71,33.11,30.46,31.0,512677
HARDWYN,2023-07-20 00:00:00+05:30,31.39,31.96,29.93,30.64,231169
HARDWYN,2023-07-21 00:00:00+05:30,30.5,30.54,29.18,30.0,318047
HARDWYN,2023-07-24 00:00:00+05:30,30.54,30.82,29.64,29.89,186788
HARDWYN,2023-07-25 00:00:00+05:30,30.57,31.07,29.36,30.18,219201
HARDWYN,2023-07-26 00:00:00+05:30,30.64,30.64,29.54,29.71,154220
HARDWYN,2023-07-27 00:00:00+05:30,30.11,30.11,29.71,29.82,72275
HARDWYN,2023-07-28 00:00:00+05:30,30.11,30.11,29.64,29.71,179628
HARDWYN,2023-07-31 00:00:00+05:30,30.18,30.29,28.93,29.5,244612
HARDWYN,2023-08-01 00:00:00+05:30,30.0,30.0,29.0,29.25,152703
HARDWYN,2023-08-02 00:00:00+05:30,29.75,29.75,28.57,28.93,215125
HARDWYN,2023-08-03 00:00:00+05:30,28.61,28.96,28.61,28.75,83725
HARDWYN,2023-08-04 00:00:00+05:30,28.75,29.07,28.57,28.93,457633
HARDWYN,2023-08-07 00:00:00+05:30,29.29,29.86,29.18,29.57,246920
HARDWYN,2023-08-08 00:00:00+05:30,30.14,30.5,29.29,29.39,188313
HARDWYN,2023-08-09 00:00:00+05:30,29.71,29.71,28.86,29.18,550848
HARDWYN,2023-08-10 00:00:00+05:30,29.5,29.5,29.14,29.32,74136
HARDWYN,2023-08-11 00:00:00+05:30,29.61,29.61,28.93,29.11,62106
HARDWYN,2023-08-14 00:00:00+05:30,28.25,28.57,27.68,27.82,405253
HARDWYN,2023-08-16 00:00:00+05:30,27.86,29.18,27.86,29.18,86041
HARDWYN,2023-08-17 00:00:00+05:30,30.29,30.36,29.68,30.0,1198642
HARDWYN,2023-08-18 00:00:00+05:30,30.39,30.39,28.64,29.0,5131176
HARDWYN,2023-08-21 00:00:00+05:30,29.36,29.43,28.39,28.61,141806
HARDWYN,2023-08-22 00:00:00+05:30,28.75,29.07,27.86,28.36,179527
HARDWYN,2023-08-23 00:00:00+05:30,29.04,29.04,27.89,28.29,122017
HARDWYN,2023-08-24 00:00:00+05:30,28.57,28.79,28.21,28.29,104150
HARDWYN,2023-08-25 00:00:00+05:30,28.82,28.82,28.11,28.25,96987
HARDWYN,2023-08-28 00:00:00+05:30,27.89,28.18,27.57,27.68,477003
HARDWYN,2023-08-29 00:00:00+05:30,27.86,28.07,27.29,27.68,965995
HARDWYN,2023-08-30 00:00:00+05:30,28.86,28.86,27.86,28.39,135786
HARDWYN,2023-08-31 00:00:00+05:30,28.79,28.79,27.79,27.89,1677780
HARDWYN,2023-09-01 00:00:00+05:30,27.86,28.29,27.21,27.79,2136118
HARDWYN,2023-09-04 00:00:00+05:30,27.71,28.21,27.32,27.43,444484
HARDWYN,2023-09-05 00:00:00+05:30,27.18,27.64,27.14,27.29,1382033
HARDWYN,2023-09-06 00:00:00+05:30,27.46,27.93,27.39,27.61,272933
HARDWYN,2023-09-07 00:00:00+05:30,27.82,27.86,27.64,27.71,97738
HARDWYN,2023-09-08 00:00:00+05:30,28.04,28.04,27.21,27.54,149688
HARDWYN,2023-09-11 00:00:00+05:30,27.86,28.04,27.36,27.43,97595
HARDWYN,2023-09-12 00:00:00+05:30,27.79,27.79,26.07,26.25,267628
HARDWYN,2023-09-13 00:00:00+05:30,26.79,27.54,25.71,27.54,221162
HARDWYN,2023-09-14 00:00:00+05:30,28.89,28.89,28.21,28.89,174284
HARDWYN,2023-09-15 00:00:00+05:30,29.54,29.86,28.04,28.43,1130879
HARDWYN,2023-09-18 00:00:00+05:30,28.75,28.86,27.71,28.11,261413
HARDWYN,2023-09-20 00:00:00+05:30,28.18,28.54,27.86,27.96,204358
HARDWYN,2023-09-21 00:00:00+05:30,28.5,28.5,26.71,27.18,374227
HARDWYN,2023-09-22 00:00:00+05:30,27.18,27.64,26.79,26.93,95988
HARDWYN,2023-09-25 00:00:00+05:30,27.39,28.18,25.79,26.25,268292
HARDWYN,2023-09-26 00:00:00+05:30,26.57,27.54,26.54,27.54,220671
HARDWYN,2023-09-27 00:00:00+05:30,27.93,28.57,26.89,27.0,209313
HARDWYN,2023-09-28 00:00:00+05:30,27.29,27.5,26.79,27.07,87801
HARDWYN,2023-09-29 00:00:00+05:30,27.18,27.75,26.82,26.93,87732
HARDWYN,2023-10-03 00:00:00+05:30,27.32,27.46,27.04,27.32,116545
HARDWYN,2023-10-04 00:00:00+05:30,27.57,27.57,26.79,27.14,85005
HARDWYN,2023-10-05 00:00:00+05:30,27.5,27.5,25.79,26.93,1343906
HARDWYN,2023-10-06 00:00:00+05:30,27.07,27.82,26.57,27.11,769822
HARDWYN,2023-10-09 00:00:00+05:30,26.71,26.71,26.14,26.32,110753
HARDWYN,2023-10-10 00:00:00+05:30,26.82,26.96,26.29,26.57,88564
HARDWYN,2023-10-11 00:00:00+05:30,26.96,27.36,26.54,26.86,108165
HARDWYN,2023-10-12 00:00:00+05:30,27.14,29.54,26.86,29.04,1057890
HARDWYN,2023-10-13 00:00:00+05:30,29.39,29.64,28.57,28.61,293679
HARDWYN,2023-10-16 00:00:00+05:30,28.61,29.04,27.93,28.04,143272
HARDWYN,2023-10-17 00:00:00+05:30,28.57,29.79,28.43,28.57,252365
HARDWYN,2023-10-18 00:00:00+05:30,28.86,28.96,27.93,28.04,115593
HARDWYN,2023-10-19 00:00:00+05:30,28.0,28.39,27.5,27.61,94509
HARDWYN,2023-10-20 00:00:00+05:30,27.36,27.86,27.29,27.46,408614
HARDWYN,2023-10-23 00:00:00+05:30,28.0,28.89,26.18,26.36,173725
HARDWYN,2023-10-25 00:00:00+05:30,26.71,27.43,26.29,26.54,104435
HARDWYN,2023-10-26 00:00:00+05:30,26.54,26.71,25.36,26.36,144577
HARDWYN,2023-10-27 00:00:00+05:30,26.71,27.14,26.46,26.64,48869
HARDWYN,2023-10-30 00:00:00+05:30,27.29,27.29,25.64,26.07,181658
HARDWYN,2023-10-31 00:00:00+05:30,26.11,27.18,25.71,25.86,113100
HARDWYN,2023-11-01 00:00:00+05:30,25.89,26.43,25.46,25.71,228677
HARDWYN,2023-11-02 00:00:00+05:30,26.07,26.18,25.71,25.93,90127
HARDWYN,2023-11-03 00:00:00+05:30,26.57,26.79,25.96,26.14,166865
HARDWYN,2023-11-06 00:00:00+05:30,26.61,26.61,24.71,25.96,193315
HARDWYN,2023-11-07 00:00:00+05:30,26.18,26.5,25.75,25.96,306962
HARDWYN,2023-11-08 00:00:00+05:30,26.36,26.39,25.89,26.04,98162
HARDWYN,2023-11-09 00:00:00+05:30,26.07,26.57,25.79,25.96,48704
HARDWYN,2023-11-10 00:00:00+05:30,25.96,26.14,25.36,25.75,113574
HARDWYN,2023-11-12 00:00:00+05:30,26.11,27.86,26.11,26.68,121120
HARDWYN,2023-11-13 00:00:00+05:30,27.39,27.39,26.57,26.96,234872
HARDWYN,2023-11-15 00:00:00+05:30,27.89,29.64,27.61,28.86,1228426
HARDWYN,2023-11-16 00:00:00+05:30,28.18,29.86,28.18,28.75,594411
HARDWYN,2023-11-17 00:00:00+05:30,29.21,29.43,28.57,28.71,357918
HARDWYN,2023-11-20 00:00:00+05:30,29.43,29.64,28.04,28.18,229969
HARDWYN,2023-11-21 00:00:00+05:30,28.57,28.68,27.96,28.43,116777
HARDWYN,2023-11-22 00:00:00+05:30,28.71,28.71,27.71,27.86,115463
HARDWYN,2023-11-23 00:00:00+05:30,28.25,28.25,27.29,27.75,68208
HARDWYN,2023-11-24 00:00:00+05:30,28.0,30.36,27.82,29.82,4933655
HARDWYN,2023-11-28 00:00:00+05:30,30.89,32.36,30.29,30.64,1296335
HARDWYN,2023-11-29 00:00:00+05:30,30.93,30.93,29.71,30.07,268568
HARDWYN,2023-11-30 00:00:00+05:30,30.04,30.07,29.14,29.71,218975
HARDWYN,2023-12-01 00:00:00+05:30,30.14,30.36,29.57,29.68,1351449
HARDWYN,2023-12-04 00:00:00+05:30,30.11,30.5,29.18,29.25,285416
HARDWYN,2023-12-05 00:00:00+05:30,30.0,30.0,28.61,28.79,189282
HARDWYN,2023-12-06 00:00:00+05:30,28.86,29.57,28.29,29.36,722506
HARDWYN,2023-12-07 00:00:00+05:30,29.64,31.21,29.64,30.54,1153177
HARDWYN,2023-12-08 00:00:00+05:30,31.07,31.07,29.32,29.71,315024
HARDWYN,2023-12-11 00:00:00+05:30,29.71,30.14,28.71,29.29,277124
HARDWYN,2023-12-12 00:00:00+05:30,29.71,29.71,28.57,28.96,1061159
HARDWYN,2023-12-13 00:00:00+05:30,29.39,29.5,28.86,29.0,515509
HARDWYN,2023-12-14 00:00:00+05:30,29.43,29.43,28.93,29.18,140165
HARDWYN,2023-12-15 00:00:00+05:30,29.29,29.43,28.61,28.86,181659
HARDWYN,2023-12-18 00:00:00+05:30,28.86,29.39,28.71,28.89,138989
HARDWYN,2023-12-19 00:00:00+05:30,29.07,29.18,28.57,28.82,114696
HARDWYN,2023-12-20 00:00:00+05:30,29.04,29.04,26.86,27.43,538355
HARDWYN,2023-12-21 00:00:00+05:30,27.43,29.0,27.0,28.71,213746
HARDWYN,2023-12-22 00:00:00+05:30,29.14,29.25,28.21,28.57,168470
HARDWYN,2023-12-26 00:00:00+05:30,28.93,30.32,28.64,29.43,725236
HARDWYN,2023-12-27 00:00:00+05:30,29.64,29.64,27.64,28.5,956660
HARDWYN,2023-12-28 00:00:00+05:30,28.93,29.54,28.39,29.0,269880
HARDWYN,2023-12-29 00:00:00+05:30,29.29,29.61,28.96,29.07,91247
HARDWYN,2024-01-01 00:00:00+05:30,29.43,29.43,28.68,28.89,145234
HARDWYN,2024-01-02 00:00:00+05:30,28.61,29.96,28.43,28.96,300392
HARDWYN,2024-01-03 00:00:00+05:30,29.14,29.29,28.57,28.86,578351
HARDWYN,2024-01-04 00:00:00+05:30,28.61,29.14,28.61,28.82,132677
HARDWYN,2024-01-05 00:00:00+05:30,29.04,29.07,28.5,28.61,154693
HARDWYN,2024-01-08 00:00:00+05:30,28.61,29.0,28.36,28.46,194693
HARDWYN,2024-01-09 00:00:00+05:30,28.89,28.89,28.14,28.29,220053
HARDWYN,2024-01-10 00:00:00+05:30,28.79,29.64,28.46,29.0,580521
HARDWYN,2024-01-11 00:00:00+05:30,29.96,31.07,29.29,30.75,1792148
HARDWYN,2024-01-12 00:00:00+05:30,31.04,35.25,31.0,34.21,6879329
HARDWYN,2024-01-15 00:00:00+05:30,37.14,37.14,33.39,34.25,2088914
HARDWYN,2024-01-16 00:00:00+05:30,33.82,34.57,31.82,32.93,1036045
HARDWYN,2024-01-17 00:00:00+05:30,32.86,32.86,31.57,31.86,677201
HARDWYN,2024-01-18 00:00:00+05:30,32.71,32.71,30.0,30.5,703707
HARDWYN,2024-01-19 00:00:00+05:30,31.14,34.79,30.96,31.61,2552580
HARDWYN,2024-01-20 00:00:00+05:30,31.93,33.5,31.64,33.14,851529
HARDWYN,2024-01-23 00:00:00+05:30,33.79,34.29,30.79,31.39,1002006
HARDWYN,2024-01-24 00:00:00+05:30,31.64,32.68,30.21,32.43,669681
HARDWYN,2024-01-25 00:00:00+05:30,32.18,32.43,31.29,31.79,403620
HARDWYN,2024-01-29 00:00:00+05:30,32.25,32.39,31.21,31.43,551810
HARDWYN,2024-01-30 00:00:00+05:30,31.89,32.14,30.75,31.5,1205981
HARDWYN,2024-01-31 00:00:00+05:30,31.79,32.68,31.21,31.68,520704
HARDWYN,2024-02-01 00:00:00+05:30,31.79,31.79,30.89,31.21,361914
HARDWYN,2024-02-02 00:00:00+05:30,31.68,31.68,30.89,31.21,276445
HARDWYN,2024-02-05 00:00:00+05:30,31.18,32.07,30.89,31.14,461992
HARDWYN,2024-02-06 00:00:00+05:30,31.11,31.29,29.0,30.39,432192
HARDWYN,2024-02-07 00:00:00+05:30,30.21,30.71,29.64,30.54,471299
HARDWYN,2024-02-08 00:00:00+05:30,30.54,32.07,30.21,30.79,882274
HARDWYN,2024-02-09 00:00:00+05:30,30.86,31.32,30.0,30.54,510119
HARDWYN,2024-02-12 00:00:00+05:30,30.54,32.18,28.07,29.21,982510
HARDWYN,2024-02-13 00:00:00+05:30,28.82,30.71,28.32,29.93,474788
HARDWYN,2024-02-14 00:00:00+05:30,29.32,30.36,28.75,29.68,236847
HARDWYN,2024-02-15 00:00:00+05:30,29.46,31.32,29.46,30.14,531982
HARDWYN,2024-02-16 00:00:00+05:30,31.07,33.18,30.68,32.71,2828760
HARDWYN,2024-02-19 00:00:00+05:30,33.07,34.64,33.07,33.29,1471887
HARDWYN,2024-02-20 00:00:00+05:30,33.18,33.18,31.86,32.21,570501
HARDWYN,2024-02-21 00:00:00+05:30,31.86,32.5,31.79,31.86,494945
HARDWYN,2024-02-22 00:00:00+05:30,32.11,32.36,30.96,32.18,449528
HARDWYN,2024-02-23 00:00:00+05:30,32.71,32.79,31.32,31.54,493605
HARDWYN,2024-02-26 00:00:00+05:30,31.79,33.89,31.71,32.21,1215892
HARDWYN,2024-02-27 00:00:00+05:30,32.43,34.0,31.43,31.82,1480421
HARDWYN,2024-02-28 00:00:00+05:30,32.25,32.5,30.71,31.5,726356
HARDWYN,2024-02-29 00:00:00+05:30,31.68,32.07,30.07,31.39,581697
HARDWYN,2024-03-01 00:00:00+05:30,31.46,32.07,30.68,30.93,519733
HARDWYN,2024-03-02 00:00:00+05:30,31.14,31.18,29.39,29.46,522954
HARDWYN,2024-03-04 00:00:00+05:30,29.64,29.82,27.14,27.46,2024481
HARDWYN,2024-03-05 00:00:00+05:30,27.75,28.11,27.07,27.21,1059416
HARDWYN,2024-03-06 00:00:00+05:30,27.25,27.68,24.32,25.54,2065919
HARDWYN,2024-03-07 00:00:00+05:30,25.93,27.04,25.14,25.89,1191380
HARDWYN,2024-03-11 00:00:00+05:30,26.14,26.18,23.57,24.29,859471
HARDWYN,2024-03-12 00:00:00+05:30,24.43,24.57,23.21,23.93,1016240
HARDWYN,2024-03-13 00:00:00+05:30,23.29,25.43,21.93,22.36,1114220
HARDWYN,2024-03-14 00:00:00+05:30,22.75,24.29,21.68,23.71,996189
HARDWYN,2024-03-15 00:00:00+05:30,23.93,24.21,23.0,23.89,661148
HARDWYN,2024-03-18 00:00:00+05:30,24.29,25.64,24.0,24.89,729282
HARDWYN,2024-03-19 00:00:00+05:30,24.86,25.64,24.36,25.07,520382
HARDWYN,2024-03-20 00:00:00+05:30,25.43,25.43,24.0,24.25,355213
HARDWYN,2024-03-21 00:00:00+05:30,24.43,24.86,24.29,24.5,436982
HARDWYN,2024-03-22 00:00:00+05:30,24.68,25.71,24.32,25.43,857399
HARDWYN,2024-03-26 00:00:00+05:30,25.43,27.79,24.89,26.0,3148149
HARDWYN,2024-03-27 00:00:00+05:30,26.14,26.68,23.79,24.11,1818082
HARDWYN,2024-03-28 00:00:00+05:30,24.32,25.07,23.5,23.75,693529
HARDWYN,2024-04-01 00:00:00+05:30,24.21,25.5,24.14,24.96,499507
HARDWYN,2024-04-02 00:00:00+05:30,25.0,25.68,23.93,24.64,763723
HARDWYN,2024-04-03 00:00:00+05:30,24.71,25.25,24.61,25.0,532547
HARDWYN,2024-04-04 00:00:00+05:30,25.36,25.64,24.82,24.93,445586
HARDWYN,2024-04-05 00:00:00+05:30,25.0,25.11,24.54,24.86,436963
HARDWYN,2024-04-08 00:00:00+05:30,25.21,25.21,23.86,24.0,694677
HARDWYN,2024-04-09 00:00:00+05:30,24.25,24.75,23.93,24.07,478436
HARDWYN,2024-04-10 00:00:00+05:30,24.29,24.43,24.11,24.25,322821
HARDWYN,2024-04-12 00:00:00+05:30,24.39,24.5,23.79,24.0,689847
HARDWYN,2024-04-15 00:00:00+05:30,24.07,24.07,22.93,23.57,286206
HARDWYN,2024-04-16 00:00:00+05:30,23.57,23.79,22.71,22.86,961672
HARDWYN,2024-04-18 00:00:00+05:30,23.07,23.36,22.57,22.75,406112
HARDWYN,2024-04-19 00:00:00+05:30,22.75,22.86,22.29,22.43,358198
HARDWYN,2024-04-22 00:00:00+05:30,22.54,22.93,21.86,21.96,566734
HARDWYN,2024-04-23 00:00:00+05:30,22.21,22.64,22.04,22.21,519896
HARDWYN,2024-04-24 00:00:00+05:30,22.46,22.75,21.79,22.11,759315
HARDWYN,2024-04-25 00:00:00+05:30,22.14,22.46,21.68,21.96,548352
HARDWYN,2024-04-26 00:00:00+05:30,22.07,22.43,21.93,22.14,422699
HARDWYN,2024-04-29 00:00:00+05:30,22.39,23.18,21.79,22.0,1613261
HARDWYN,2024-04-30 00:00:00+05:30,22.14,22.39,21.36,21.54,952862
HARDWYN,2024-05-02 00:00:00+05:30,21.86,22.29,21.36,21.43,726125
HARDWYN,2024-05-03 00:00:00+05:30,21.57,22.11,20.96,21.21,1110483
HARDWYN,2024-05-06 00:00:00+05:30,20.36,21.18,20.36,20.86,438895
HARDWYN,2024-05-07 00:00:00+05:30,20.86,21.11,20.0,20.14,615142
HARDWYN,2024-05-08 00:00:00+05:30,20.36,21.36,20.07,20.82,461681
HARDWYN,2024-05-09 00:00:00+05:30,20.93,21.86,20.89,21.25,736081
HARDWYN,2024-05-10 00:00:00+05:30,21.43,21.43,20.14,20.43,439203
HARDWYN,2024-05-13 00:00:00+05:30,20.64,20.71,19.75,19.96,701210
HARDWYN,2024-05-14 00:00:00+05:30,20.32,21.75,20.0,20.75,745076
HARDWYN,2024-05-15 00:00:00+05:30,20.79,22.11,20.79,21.46,645643
HARDWYN,2024-05-16 00:00:00+05:30,21.57,21.96,21.21,21.54,210696
HARDWYN,2024-05-17 00:00:00+05:30,21.14,21.64,21.04,21.39,564194
HARDWYN,2024-05-18 00:00:00+05:30,21.61,21.64,20.39,20.89,177801
HARDWYN,2024-05-21 00:00:00+05:30,20.96,21.36,20.93,21.07,479271
HARDWYN,2024-05-22 00:00:00+05:30,21.07,21.29,20.71,21.04,745404
HARDWYN,2024-05-23 00:00:00+05:30,21.25,21.39,20.89,21.04,575388
HARDWYN,2024-05-24 00:00:00+05:30,20.96,21.21,20.57,20.68,581565
HARDWYN,2024-05-27 00:00:00+05:30,20.68,20.96,20.14,20.75,839098
HARDWYN,2024-05-28 00:00:00+05:30,20.75,20.96,20.36,20.5,184036
HARDWYN,2024-05-29 00:00:00+05:30,20.5,20.93,20.36,20.68,296158
HARDWYN,2024-05-30 00:00:00+05:30,20.75,20.93,20.43,20.71,417124
HARDWYN,2024-05-31 00:00:00+05:30,20.75,20.93,20.18,20.5,534546
HARDWYN,2024-06-03 00:00:00+05:30,20.64,20.82,19.86,20.04,485261
HARDWYN,2024-06-04 00:00:00+05:30,20.11,20.11,18.64,19.25,479440
HARDWYN,2024-06-05 00:00:00+05:30,19.32,20.21,18.57,20.0,695645
HARDWYN,2024-06-06 00:00:00+05:30,20.14,21.0,19.61,20.64,534711
HARDWYN,2024-06-07 00:00:00+05:30,20.54,20.86,20.29,20.64,203830
HARDWYN,2024-06-10 00:00:00+05:30,21.07,21.85,21.07,21.42,818075
HARDWYN,2024-06-11 00:00:00+05:30,21.43,21.57,21.0,21.12,270274
HARDWYN,2024-06-12 00:00:00+05:30,21.04,21.71,21.04,21.32,341522
HARDWYN,2024-06-13 00:00:00+05:30,21.64,23.59,21.39,22.83,2260725
HARDWYN,2024-06-14 00:00:00+05:30,23.14,24.12,23.14,23.88,1646013
HARDWYN,2024-06-18 00:00:00+05:30,24.27,24.57,23.89,24.23,899122
HARDWYN,2024-06-19 00:00:00+05:30,24.61,24.64,22.89,23.15,1033597
HARDWYN,2024-06-20 00:00:00+05:30,23.25,23.31,22.69,22.85,424400
HARDWYN,2024-06-21 00:00:00+05:30,22.86,23.32,22.69,22.74,404462
HARDWYN,2024-06-24 00:00:00+05:30,22.86,23.11,22.34,22.51,596639
HARDWYN,2024-06-25 00:00:00+05:30,22.61,22.93,22.36,22.41,193339
HARDWYN,2024-06-26 00:00:00+05:30,22.5,23.09,22.41,22.61,349383
HARDWYN,2024-06-27 00:00:00+05:30,22.72,22.81,22.07,22.2,250183
HARDWYN,2024-06-28 00:00:00+05:30,22.36,22.36,21.93,21.99,198863
HARDWYN,2024-07-01 00:00:00+05:30,21.99,23.21,21.93,23.01,1771798
HARDWYN,2024-07-02 00:00:00+05:30,23.07,23.28,22.38,22.63,208447
HARDWYN,2024-07-03 00:00:00+05:30,22.82,22.82,22.43,22.56,135829
HARDWYN,2024-07-04 00:00:00+05:30,22.46,22.72,22.14,22.35,186706
HARDWYN,2024-07-05 00:00:00+05:30,22.35,22.76,21.79,22.3,275883
HARDWYN,2024-07-08 00:00:00+05:30,22.64,22.79,21.92,22.0,206153
HARDWYN,2024-07-09 00:00:00+05:30,22.25,22.63,21.81,21.96,252523
HARDWYN,2024-07-10 00:00:00+05:30,22.29,22.29,21.61,21.84,189920
HARDWYN,2024-07-11 00:00:00+05:30,22.14,22.75,21.86,22.61,284833
HARDWYN,2024-07-12 00:00:00+05:30,22.61,23.07,21.76,22.26,2269077
HARDWYN,2024-07-15 00:00:00+05:30,22.32,22.86,22.0,22.46,408670
HARDWYN,2024-07-16 00:00:00+05:30,22.61,23.21,22.27,22.36,384717
HARDWYN,2024-07-18 00:00:00+05:30,22.29,22.49,21.94,22.0,208921
HARDWYN,2024-07-19 00:00:00+05:30,21.79,21.96,21.07,21.28,294473
HARDWYN,2024-07-22 00:00:00+05:30,21.43,21.53,20.87,21.11,205828
HARDWYN,2024-07-23 00:00:00+05:30,21.04,22.32,20.83,21.59,301753
HARDWYN,2024-07-24 00:00:00+05:30,21.74,21.81,21.57,21.72,194757
HARDWYN,2024-07-25 00:00:00+05:30,21.61,21.91,21.35,21.41,477745
HARDWYN,2024-07-26 00:00:00+05:30,21.54,21.64,21.07,21.29,478289
HARDWYN,2024-07-29 00:00:00+05:30,21.51,21.59,21.33,21.45,159864
HARDWYN,2024-07-30 00:00:00+05:30,21.43,21.64,21.29,21.39,224059
HARDWYN,2024-07-31 00:00:00+05:30,21.57,21.85,21.36,21.41,208174
HARDWYN,2024-08-01 00:00:00+05:30,21.41,21.79,21.21,21.35,177221
HARDWYN,2024-08-02 00:00:00+05:30,21.39,21.39,20.73,20.98,216823
HARDWYN,2024-08-05 00:00:00+05:30,20.56,20.89,20.14,20.32,307743
HARDWYN,2024-08-06 00:00:00+05:30,20.02,20.64,19.93,20.01,264715
HARDWYN,2024-08-07 00:00:00+05:30,20.24,20.52,19.75,20.35,217609
HARDWYN,2024-08-08 00:00:00+05:30,20.41,20.77,20.19,20.49,101589
HARDWYN,2024-08-09 00:00:00+05:30,20.54,20.76,20.36,20.53,93480
HARDWYN,2024-08-12 00:00:00+05:30,20.36,20.63,19.99,20.26,126850
HARDWYN,2024-08-13 00:00:00+05:30,20.29,20.51,19.95,19.99,143046
HARDWYN,2024-08-14 00:00:00+05:30,20.0,20.26,19.41,19.81,150256
HARDWYN,2024-08-16 00:00:00+05:30,20.18,20.71,19.86,19.99,175472
HARDWYN,2024-08-19 00:00:00+05:30,20.27,20.28,20.01,20.19,165839
HARDWYN,2024-08-20 00:00:00+05:30,20.4,20.49,20.01,20.33,193289
HARDWYN,2024-08-21 00:00:00+05:30,20.71,20.71,20.36,20.56,135209
HARDWYN,2024-08-22 00:00:00+05:30,20.76,20.77,20.36,20.48,162127
HARDWYN,2024-08-23 00:00:00+05:30,20.69,20.94,20.48,20.53,188016
HARDWYN,2024-08-26 00:00:00+05:30,20.86,20.86,20.0,20.51,157172
HARDWYN,2024-08-27 00:00:00+05:30,20.86,20.86,20.07,20.31,208445
HARDWYN,2024-08-28 00:00:00+05:30,20.31,20.76,20.22,20.33,237766
HARDWYN,2024-08-29 00:00:00+05:30,20.36,21.03,20.08,20.65,325274
HARDWYN,2024-08-30 00:00:00+05:30,20.64,21.44,20.54,21.33,566613
HARDWYN,2024-09-02 00:00:00+05:30,21.43,22.14,20.57,21.97,656738
HARDWYN,2024-09-03 00:00:00+05:30,22.14,23.14,21.29,22.84,1011228
HARDWYN,2024-09-04 00:00:00+05:30,22.81,23.86,21.62,22.89,2223468
HARDWYN,2024-09-05 00:00:00+05:30,22.88,23.63,22.51,23.33,1180574
HARDWYN,2024-09-06 00:00:00+05:30,23.29,23.64,22.29,22.36,454449
HARDWYN,2024-09-09 00:00:00+05:30,22.14,22.14,21.64,21.72,221910
HARDWYN,2024-09-10 00:00:00+05:30,21.85,22.16,21.79,21.88,161156
HARDWYN,2024-09-11 00:00:00+05:30,22.04,22.12,21.5,21.57,127242
HARDWYN,2024-09-12 00:00:00+05:30,21.61,25.71,21.57,25.41,8655610
HARDWYN,2024-09-13 00:00:00+05:30,26.21,29.79,26.07,29.08,27242862
HARDWYN,2024-09-16 00:00:00+05:30,29.66,31.55,27.93,28.86,7118439
HARDWYN,2024-09-17 00:00:00+05:30,28.85,28.86,26.36,27.27,1823466
HARDWYN,2024-09-18 00:00:00+05:30,26.49,32.72,26.11,32.71,12929399
HARDWYN,2024-09-19 00:00:00+05:30,33.08,33.68,30.0,31.17,4815908
HARDWYN,2024-09-20 00:00:00+05:30,31.81,33.75,29.71,33.07,5949899
HARDWYN,2024-09-23 00:00:00+05:30,33.36,33.92,31.57,32.5,2318482
HARDWYN,2024-09-24 00:00:00+05:30,31.07,32.81,30.75,31.73,1652738
HARDWYN,2024-09-25 00:00:00+05:30,31.73,32.35,30.14,30.21,765663
HARDWYN,2024-09-26 00:00:00+05:30,30.82,31.43,29.8,30.39,729882
HARDWYN,2024-09-27 00:00:00+05:30,31.21,31.21,27.71,29.54,3995352
HARDWYN,2024-09-30 00:00:00+05:30,29.96,30.34,29.2,29.49,784679
HARDWYN,2024-10-01 00:00:00+05:30,30.06,30.06,29.19,29.39,450783
HARDWYN,2024-10-03 00:00:00+05:30,29.21,29.21,27.18,27.54,1127302
HARDWYN,2024-10-04 00:00:00+05:30,27.85,28.52,27.43,27.69,696882
HARDWYN,2024-10-07 00:00:00+05:30,27.86,28.35,24.91,24.95,908844
HARDWYN,2024-10-08 00:00:00+05:30,24.71,29.29,24.71,27.92,3887549
HARDWYN,2024-10-09 00:00:00+05:30,28.0,29.29,27.5,28.15,1215418
HARDWYN,2024-10-10 00:00:00+05:30,28.7,28.93,27.72,27.99,509616
HARDWYN,2024-10-11 00:00:00+05:30,28.03,28.17,27.39,27.93,348062
HARDWYN,2024-10-14 00:00:00+05:30,27.95,28.31,27.29,27.64,226907
HARDWYN,2024-10-15 00:00:00+05:30,27.5,27.86,26.49,26.71,308964
HARDWYN,2024-10-16 00:00:00+05:30,26.96,30.32,26.51,27.01,6010183
HARDWYN,2024-10-17 00:00:00+05:30,27.17,29.56,26.96,27.91,4657687
HARDWYN,2024-10-18 00:00:00+05:30,28.14,28.44,27.21,27.99,1200724
HARDWYN,2024-10-21 00:00:00+05:30,27.93,28.33,26.93,27.16,661670
HARDWYN,2024-10-22 00:00:00+05:30,27.26,27.56,25.75,26.05,791099
HARDWYN,2024-10-23 00:00:00+05:30,25.99,26.67,25.11,25.44,483763
HARDWYN,2024-10-24 00:00:00+05:30,26.06,28.43,25.57,25.86,1711151
HARDWYN,2024-10-25 00:00:00+05:30,26.54,26.54,24.14,24.69,561015
HARDWYN,2024-10-28 00:00:00+05:30,24.81,25.89,24.21,24.48,654214
HARDWYN,2024-10-29 00:00:00+05:30,24.86,25.14,24.39,24.56,315974
HARDWYN,2024-10-30 00:00:00+05:30,24.55,29.46,24.51,27.79,5400034
HARDWYN,2024-10-31 00:00:00+05:30,27.86,30.36,27.7,28.55,4666643
HARDWYN,2024-11-01 00:00:00+05:30,29.21,30.0,28.46,28.91,493356
HARDWYN,2024-11-04 00:00:00+05:30,28.21,28.64,26.11,26.44,1169362
HARDWYN,2024-11-05 00:00:00+05:30,26.44,27.75,26.44,26.81,744673
HARDWYN,2024-11-06 00:00:00+05:30,27.43,27.43,26.71,27.26,444033
HARDWYN,2024-11-07 00:00:00+05:30,27.79,27.79,26.22,26.54,521687
HARDWYN,2024-11-08 00:00:00+05:30,26.59,27.0,26.08,26.2,324092
HARDWYN,2024-11-11 00:00:00+05:30,26.29,26.61,25.0,25.37,425213
HARDWYN,2024-11-12 00:00:00+05:30,26.79,28.75,26.14,26.54,5097066
HARDWYN,2024-11-13 00:00:00+05:30,26.46,27.56,25.62,26.12,1536280
HARDWYN,2024-11-14 00:00:00+05:30,26.43,27.42,25.5,25.71,2540648
HARDWYN,2024-11-18 00:00:00+05:30,26.81,27.54,24.64,24.99,3676354
HARDWYN,2024-11-19 00:00:00+05:30,25.36,26.06,24.86,24.97,1825159
HARDWYN,2024-11-21 00:00:00+05:30,25.36,25.56,24.21,24.29,1904718
HARDWYN,2024-11-22 00:00:00+05:30,24.41,24.51,23.77,24.18,615593
HARDWYN,2024-11-25 00:00:00+05:30,24.92,25.1,23.5,23.58,2472148
HARDWYN,2024-11-26 00:00:00+05:30,23.61,24.29,22.25,22.74,1389447
HARDWYN,2024-11-27 00:00:00+05:30,23.07,24.14,22.76,22.86,2151742
HARDWYN,2024-11-28 00:00:00+05:30,23.21,23.85,22.76,22.86,2364640
HARDWYN,2024-11-29 00:00:00+05:30,22.93,23.21,22.5,22.86,944095
HARDWYN,2024-12-02 00:00:00+05:30,22.86,23.75,22.66,22.86,2057056
HARDWYN,2024-12-03 00:00:00+05:30,23.06,23.19,22.07,22.33,1230524
HARDWYN,2024-12-04 00:00:00+05:30,22.64,25.71,22.15,23.52,15134150
HARDWYN,2024-12-05 00:00:00+05:30,23.45,23.78,22.79,22.87,3417140
HARDWYN,2024-12-06 00:00:00+05:30,22.88,23.17,22.79,22.84,2393202
HARDWYN,2024-12-09 00:00:00+05:30,22.86,23.26,22.79,22.86,1372976
HARDWYN,2024-12-10 00:00:00+05:30,22.96,23.19,22.79,22.85,1307248
HARDWYN,2024-12-11 00:00:00+05:30,22.96,23.52,22.79,22.83,1623058
HARDWYN,2024-12-12 00:00:00+05:30,22.96,23.06,22.64,22.68,1075766
HARDWYN,2024-12-13 00:00:00+05:30,22.68,22.91,22.29,22.46,1641112
HARDWYN,2024-12-16 00:00:00+05:30,22.55,22.82,22.19,22.31,1167914
HARDWYN,2024-12-17 00:00:00+05:30,22.29,22.31,21.79,21.98,522460
HARDWYN,2024-12-18 00:00:00+05:30,21.99,22.1,20.64,20.79,2329255
HARDWYN,2024-12-19 00:00:00+05:30,20.56,21.36,20.53,20.68,2048907
HARDWYN,2024-12-20 00:00:00+05:30,21.29,22.75,20.79,21.11,9655551
HARDWYN,2024-12-23 00:00:00+05:30,21.83,22.5,21.16,21.25,4237301
HARDWYN,2024-12-24 00:00:00+05:30,21.41,21.58,20.74,20.84,2285909
HARDWYN,2024-12-26 00:00:00+05:30,21.21,22.07,20.84,21.18,5309656
HARDWYN,2024-12-27 00:00:00+05:30,21.31,22.12,18.6,19.47,4076362
HARDWYN,2024-12-30 00:00:00+05:30,19.39,19.39,18.04,18.18,2861485
HARDWYN,2024-12-31 00:00:00+05:30,18.0,18.54,17.81,18.23,1371181
HARDWYN,2025-01-01 00:00:00+05:30,18.2,18.39,17.61,17.8,1168744
HARDWYN,2025-01-02 00:00:00+05:30,17.89,19.35,17.34,18.93,3396890
HARDWYN,2025-01-03 00:00:00+05:30,19.25,19.5,18.8,18.96,6707098
HARDWYN,2025-01-06 00:00:00+05:30,19.09,19.15,17.95,18.22,1108472
HARDWYN,2025-01-07 00:00:00+05:30,18.29,18.4,17.96,18.05,582882
HARDWYN,2025-01-08 00:00:00+05:30,18.05,18.2,17.5,17.85,1213009
HARDWYN,2025-01-09 00:00:00+05:30,17.6,18.0,17.5,17.7,609290
HARDWYN,2025-01-10 00:00:00+05:30,17.6,17.67,15.26,16.77,1187935
HARDWYN,2025-01-13 00:00:00+05:30,16.69,16.82,15.63,15.92,1377244
HARDWYN,2025-01-14 00:00:00+05:30,16.21,17.14,15.8,16.79,576901
HARDWYN,2025-01-15 00:00:00+05:30,16.4,17.0,16.2,16.33,183199
HARDWYN,2025-01-16 00:00:00+05:30,16.7,17.14,16.69,17.13,260602
HARDWYN,2025-01-17 00:00:00+05:30,17.55,17.98,17.55,17.98,222350
HARDWYN,2025-01-20 00:00:00+05:30,18.0,18.87,17.8,17.97,723763
HARDWYN,2025-01-21 00:00:00+05:30,18.29,18.3,17.08,17.61,341093
HARDWYN,2025-01-22 00:00:00+05:30,17.8,17.8,16.74,17.05,177113
HARDWYN,2025-01-23 00:00:00+05:30,17.4,17.4,16.7,16.94,156525
HARDWYN,2025-01-24 00:00:00+05:30,16.94,17.3,16.3,16.5,155543
HARDWYN,2025-01-27 00:00:00+05:30,16.5,16.5,15.67,15.84,252687
HARDWYN,2025-01-28 00:00:00+05:30,15.9,15.95,15.12,15.43,145652
HARDWYN,2025-01-29 00:00:00+05:30,15.8,16.2,15.3,16.04,137845
HARDWYN,2025-01-30 00:00:00+05:30,16.04,16.7,16.04,16.23,97356
HARDWYN,2025-01-31 00:00:00+05:30,16.38,16.5,16.0,16.2,113938
HARDWYN,2025-02-01 00:00:00+05:30,16.57,16.59,15.5,16.38,93580
HARDWYN,2025-02-03 00:00:00+05:30,16.23,16.23,15.5,15.62,129066
HARDWYN,2025-02-04 00:00:00+05:30,15.55,16.0,15.2,15.37,205452
HARDWYN,2025-02-05 00:00:00+05:30,15.67,15.9,15.37,15.7,119506
HARDWYN,2025-02-06 00:00:00+05:30,15.9,16.2,15.7,16.03,77725
HARDWYN,2025-02-07 00:00:00+05:30,16.2,16.2,15.7,15.79,85007
HARDWYN,2025-02-10 00:00:00+05:30,15.79,16.05,15.45,15.49,99628
HARDWYN,2025-02-11 00:00:00+05:30,15.89,15.89,15.0,15.14,107543
HARDWYN,2025-02-12 00:00:00+05:30,14.38,15.89,14.38,14.95,160563
HARDWYN,2025-02-13 00:00:00+05:30,15.09,15.45,14.7,15.25,115121
HARDWYN,2025-02-14 00:00:00+05:30,15.39,15.39,14.85,14.93,83576
HARDWYN,2025-02-17 00:00:00+05:30,14.65,14.81,14.18,14.49,140108
HARDWYN,2025-02-18 00:00:00+05:30,14.68,14.68,14.1,14.23,90661
HARDWYN,2025-02-19 00:00:00+05:30,14.23,14.49,13.51,14.21,159374
HARDWYN,2025-02-20 00:00:00+05:30,14.7,14.7,14.02,14.25,154229
HARDWYN,2025-02-21 00:00:00+05:30,14.52,14.68,14.11,14.29,54449
HARDWYN,2025-02-24 00:00:00+05:30,14.2,14.29,13.7,13.84,87761
HARDWYN,2025-02-25 00:00:00+05:30,14.48,14.48,13.26,13.72,43495
HARDWYN,2025-02-27 00:00:00+05:30,13.84,14.2,13.03,13.14,142023
HARDWYN,2025-02-28 00:00:00+05:30,13.0,13.68,12.48,13.02,187080
HARDWYN,2025-03-03 00:00:00+05:30,12.95,13.1,12.36,12.51,158447
HARDWYN,2025-03-04 00:00:00+05:30,12.47,12.5,11.88,12.17,218000
HARDWYN,2025-03-05 00:00:00+05:30,12.15,12.77,12.05,12.77,156905
HARDWYN,2025-03-06 00:00:00+05:30,13.14,13.25,12.7,13.17,161096
HARDWYN,2025-03-07 00:00:00+05:30,13.3,13.48,12.51,12.9,221999
HARDWYN,2025-03-10 00:00:00+05:30,12.8,12.91,12.25,12.69,208930
HARDWYN,2025-03-11 00:00:00+05:30,12.09,12.6,12.05,12.15,186908
HARDWYN,2025-03-12 00:00:00+05:30,12.48,12.48,11.7,11.96,96499
HARDWYN,2025-03-13 00:00:00+05:30,12.0,12.5,11.54,11.94,132610
HARDWYN,2025-03-17 00:00:00+05:30,12.0,12.2,11.65,11.72,111003
HARDWYN,2025-03-18 00:00:00+05:30,11.7,12.2,11.5,11.87,177010
HARDWYN,2025-03-19 00:00:00+05:30,12.07,12.24,11.7,11.99,2599448
HARDWYN,2025-03-20 00:00:00+05:30,12.2,12.23,11.9,12.06,186042
HARDWYN,2025-03-21 00:00:00+05:30,12.0,12.18,11.85,11.97,207384
HARDWYN,2025-03-24 00:00:00+05:30,12.3,12.45,11.75,12.19,269651
HARDWYN,2025-03-25 00:00:00+05:30,12.19,12.39,11.7,11.77,206214
HARDWYN,2025-03-26 00:00:00+05:30,11.71,12.0,11.22,11.35,260329
HARDWYN,2025-03-27 00:00:00+05:30,11.35,11.91,11.2,11.29,575425
HARDWYN,2025-03-28 00:00:00+05:30,11.2,11.85,10.75,11.26,476497
HARDWYN,2025-04-01 00:00:00+05:30,11.65,11.82,11.26,11.68,106852
HARDWYN,2025-04-02 00:00:00+05:30,11.9,11.98,11.7,11.93,51570
HARDWYN,2025-04-03 00:00:00+05:30,12.05,12.38,11.52,12.29,101667
HARDWYN,2025-04-04 00:00:00+05:30,12.29,12.29,11.87,12.0,114847
HARDWYN,2025-04-07 00:00:00+05:30,11.59,11.65,11.4,11.41,130994
HARDWYN,2025-04-08 00:00:00+05:30,11.7,11.7,10.83,11.46,113386
HARDWYN,2025-04-09 00:00:00+05:30,11.46,11.78,11.4,11.54,36537
HARDWYN,2025-04-11 00:00:00+05:30,11.55,12.11,11.54,12.11,172043
HARDWYN,2025-04-15 00:00:00+05:30,12.7,12.71,12.3,12.71,102404
HARDWYN,2025-04-16 00:00:00+05:30,13.13,13.34,12.85,13.33,250106
HARDWYN,2025-04-17 00:00:00+05:30,13.4,13.99,12.94,13.14,532391
HARDWYN,2025-04-21 00:00:00+05:30,12.87,13.0,12.87,13.0,232877
HARDWYN,2025-04-22 00:00:00+05:30,12.74,12.85,12.74,12.85,83896
HARDWYN,2025-04-23 00:00:00+05:30,12.85,12.85,12.7,12.7,42112
HARDWYN,2025-04-24 00:00:00+05:30,12.64,12.64,12.44,12.45,59246
HARDWYN,2025-04-25 00:00:00+05:30,12.4,12.4,12.2,12.2,58571
HARDWYN,2025-04-26 00:00:00+05:30,11.95,11.95,11.95,11.95,0
HARDWYN,2025-04-28 00:00:00+05:30,11.95,12.44,11.95,12.44,181857
HARDWYN,2025-04-29 00:00:00+05:30,12.68,12.68,12.67,12.68,215976
HARDWYN,2025-04-30 00:00:00+05:30,12.93,12.93,12.93,12.93,70728
HARDWYN,2025-05-02 00:00:00+05:30,13.18,13.18,13.18,13.18,41222
HARDWYN,2025-05-05 00:00:00+05:30,13.44,13.44,13.44,13.44,56036
HARDWYN,2025-05-06 00:00:00+05:30,13.7,13.7,13.7,13.7,183251
HARDWYN,2025-05-07 00:00:00+05:30,13.97,13.97,13.97,13.97,131463
HARDWYN,2025-05-08 00:00:00+05:30,14.24,14.24,14.24,14.24,1168604
HARDWYN,2025-05-09 00:00:00+05:30,13.95,13.95,13.95,13.95,1024038
HARDWYN,2025-05-12 00:00:00+05:30,13.67,13.95,13.67,13.9,324757
HARDWYN,2025-05-13 00:00:00+05:30,14.12,14.17,14.0,14.14,687262
HARDWYN,2025-05-14 00:00:00+05:30,14.42,14.42,14.0,14.0,1202757
HARDWYN,2025-05-15 00:00:00+05:30,14.27,14.27,14.0,14.0,515962
HARDWYN,2025-05-16 00:00:00+05:30,13.99,14.0,13.72,14.0,447651
HARDWYN,2025-05-19 00:00:00+05:30,13.99,14.28,13.99,13.99,328281
HARDWYN,2025-05-20 00:00:00+05:30,13.9,13.9,13.71,13.71,250671
HARDWYN,2025-05-21 00:00:00+05:30,13.43,13.43,13.43,13.43,110201
HARDWYN,2025-05-22 00:00:00+05:30,13.37,13.37,13.17,13.17,52604
HARDWYN,2025-05-23 00:00:00+05:30,13.23,13.29,12.9,12.9,275077
HARDWYN,2025-05-26 00:00:00+05:30,13.0,13.51,12.5,12.79,258056
HARDWYN,2025-05-27 00:00:00+05:30,12.97,12.97,12.45,12.68,965342
HARDWYN,2025-05-28 00:00:00+05:30,12.65,13.31,12.3,13.18,713799
HARDWYN,2025-05-29 00:00:00+05:30,13.82,13.83,13.19,13.55,687420
HARDWYN,2025-05-30 00:00:00+05:30,13.7,14.2,13.22,13.86,653353
HARDWYN,2025-06-02 00:00:00+05:30,14.15,14.5,13.9,14.28,157146
HARDWYN,2025-06-03 00:00:00+05:30,14.99,14.99,14.5,14.71,1351269
HARDWYN,2025-06-04 00:00:00+05:30,15.07,15.44,14.85,14.97,787446
HARDWYN,2025-06-05 00:00:00+05:30,14.8,14.81,14.72,14.72,161970
HARDWYN,2025-06-06 00:00:00+05:30,14.72,14.72,14.5,14.5,77471
HARDWYN,2025-06-09 00:00:00+05:30,14.49,14.5,14.21,14.5,386523
HARDWYN,2025-06-10 00:00:00+05:30,14.41,14.41,14.36,14.36,44311
HARDWYN,2025-06-11 00:00:00+05:30,14.36,14.4,14.36,14.4,89931
HARDWYN,2025-06-12 00:00:00+05:30,14.4,14.4,14.3,14.3,541689
HARDWYN,2025-06-13 00:00:00+05:30,14.3,14.3,14.23,14.25,244426
HARDWYN,2025-06-16 00:00:00+05:30,14.25,14.53,14.25,14.53,382437
HARDWYN,2025-06-17 00:00:00+05:30,14.65,14.65,14.55,14.55,529317
HARDWYN,2025-06-18 00:00:00+05:30,14.55,14.55,14.5,14.55,553783
HARDWYN,2025-06-19 00:00:00+05:30,14.55,14.55,14.25,14.25,349590
HARDWYN,2025-06-20 00:00:00+05:30,13.96,14.2,13.96,14.2,298334
HARDWYN,2025-06-23 00:00:00+05:30,13.91,13.91,13.91,13.91,577199
HARDWYN,2025-06-24 00:00:00+05:30,14.16,14.16,14.0,14.15,57813
HARDWYN,2025-06-25 00:00:00+05:30,14.15,14.29,14.15,14.29,28187
HARDWYN,2025-06-26 00:00:00+05:30,14.29,14.29,14.22,14.22,39601
HARDWYN,2025-06-27 00:00:00+05:30,14.22,14.22,13.93,13.93,39110
HARDWYN,2025-06-30 00:00:00+05:30,13.65,13.65,13.65,13.65,221104
HARDWYN,2025-07-01 00:00:00+05:30,13.65,13.65,13.37,13.37,155300
HARDWYN,2025-07-02 00:00:00+05:30,13.63,13.63,13.1,13.1,104706
HARDWYN,2025-07-03 00:00:00+05:30,12.9,13.36,12.83,13.36,113781
HARDWYN,2025-07-04 00:00:00+05:30,13.2,13.62,13.1,13.62,750551
HARDWYN,2025-07-07 00:00:00+05:30,13.7,13.89,13.37,13.89,841919
HARDWYN,2025-07-08 00:00:00+05:30,13.95,14.16,13.95,14.16,130601
HARDWYN,2025-07-09 00:00:00+05:30,14.44,14.44,14.43,14.43,151168
HARDWYN,2025-07-10 00:00:00+05:30,14.6,14.6,14.17,14.4,225125
HARDWYN,2025-07-11 00:00:00+05:30,14.4,14.4,14.25,14.33,59317
HARDWYN,2025-07-14 00:00:00+05:30,14.33,14.8,13.76,13.91,217044
HARDWYN,2025-07-15 00:00:00+05:30,13.65,14.34,13.6,13.96,248591
HARDWYN,2025-07-16 00:00:00+05:30,13.96,14.35,13.9,13.98,193694
HARDWYN,2025-07-17 00:00:00+05:30,13.98,14.29,13.61,13.88,81347
HARDWYN,2025-07-18 00:00:00+05:30,13.82,14.18,13.82,13.97,155226
HARDWYN,2025-07-21 00:00:00+05:30,13.95,14.48,13.7,14.05,127903
HARDWYN,2025-07-22 00:00:00+05:30,14.0,14.45,13.75,14.19,204018
HARDWYN,2025-07-23 00:00:00+05:30,14.1,14.89,14.1,14.28,574707
HARDWYN,2025-07-24 00:00:00+05:30,14.71,14.9,14.49,14.8,453065
HARDWYN,2025-07-25 00:00:00+05:30,14.8,15.0,14.13,14.29,414034
HARDWYN,2025-07-28 00:00:00+05:30,14.89,14.89,13.5,13.91,1379954
HARDWYN,2025-07-29 00:00:00+05:30,13.98,14.11,13.34,14.0,792430
HARDWYN,2025-07-30 00:00:00+05:30,14.0,14.2,13.68,14.01,2010747
HARDWYN,2025-07-31 00:00:00+05:30,13.73,14.23,13.7,13.98,824444
HARDWYN,2025-08-01 00:00:00+05:30,13.81,14.06,13.75,13.96,1050532
HARDWYN,2025-08-04 00:00:00+05:30,13.91,14.0,13.65,13.92,680327
HARDWYN,2025-08-05 00:00:00+05:30,13.68,13.93,13.3,13.75,515762
HARDWYN,2025-08-06 00:00:00+05:30,13.69,13.69,13.15,13.44,780858
HARDWYN,2025-08-07 00:00:00+05:30,13.12,13.6,13.05,13.31,611451
HARDWYN,2025-08-08 00:00:00+05:30,13.31,13.76,12.52,12.94,762674
HARDWYN,2025-08-11 00:00:00+05:30,12.94,14.1,12.89,13.95,852238
HARDWYN,2025-08-12 00:00:00+05:30,13.95,14.21,13.68,13.95,297779
HARDWYN,2025-08-13 00:00:00+05:30,14.25,14.25,13.72,13.98,387147
HARDWYN,2025-08-14 00:00:00+05:30,14.11,14.39,13.96,13.98,253952
HARDWYN,2025-08-18 00:00:00+05:30,14.0,14.09,13.75,13.84,520871
HARDWYN,2025-08-19 00:00:00+05:30,13.85,14.05,13.76,13.95,364679
HARDWYN,2025-08-20 00:00:00+05:30,13.38,15.0,13.37,14.3,1242096
HARDWYN,2025-08-21 00:00:00+05:30,14.22,14.34,13.86,13.95,218660
HARDWYN,2025-08-22 00:00:00+05:30,14.0,14.03,13.81,13.92,786203
HARDWYN,2025-08-25 00:00:00+05:30,13.86,13.98,13.15,13.62,120412
HARDWYN,2025-08-26 00:00:00+05:30,13.62,13.79,13.3,13.37,197941
HARDWYN,2025-08-28 00:00:00+05:30,13.31,13.9,13.1,13.43,217791
HARDWYN,2025-08-29 00:00:00+05:30,13.52,13.63,13.28,13.47,206016
HARDWYN,2025-09-01 00:00:00+05:30,13.46,13.77,13.18,13.55,228111
HARDWYN,2025-09-02 00:00:00+05:30,13.6,13.84,13.16,13.38,177867
HARDWYN,2025-09-03 00:00:00+05:30,13.2,13.68,13.2,13.41,144885
HARDWYN,2025-09-04 00:00:00+05:30,13.5,13.66,13.28,13.53,122196
HARDWYN,2025-09-05 00:00:00+05:30,13.6,13.6,13.11,13.28,215390
HARDWYN,2025-09-08 00:00:00+05:30,13.25,13.78,13.25,13.54,461146
HARDWYN,2025-09-09 00:00:00+05:30,13.75,13.75,13.0,13.28,251351
HARDWYN,2025-09-10 00:00:00+05:30,13.28,13.55,13.28,13.46,170507
HARDWYN,2025-09-11 00:00:00+05:30,13.55,13.58,13.29,13.31,189513
HARDWYN,2025-09-12 00:00:00+05:30,13.31,13.57,13.22,13.39,94534
HARDWYN,2025-09-15 00:00:00+05:30,13.39,13.53,13.1,13.48,136219
HARDWYN,2025-09-16 00:00:00+05:30,13.6,13.64,13.3,13.55,130726
HARDWYN,2025-09-17 00:00:00+05:30,13.53,13.67,13.42,13.51,78508
HARDWYN,2025-09-18 00:00:00+05:30,13.63,14.0,13.35,13.42,223165
HARDWYN,2025-09-19 00:00:00+05:30,13.63,13.63,13.32,13.52,95406
HARDWYN,2025-09-22 00:00:00+05:30,13.58,13.64,13.25,13.28,226978
HARDWYN,2025-09-23 00:00:00+05:30,13.5,13.5,13.24,13.41,82744
HARDWYN,2025-09-24 00:00:00+05:30,13.41,13.41,13.05,13.21,120585
HARDWYN,2025-09-25 00:00:00+05:30,13.21,13.43,12.8,12.95,167334
HARDWYN,2025-09-26 00:00:00+05:30,12.95,13.3,12.5,12.65,157864
HARDWYN,2025-09-29 00:00:00+05:30,12.65,12.94,11.9,12.25,450417
HARDWYN,2025-09-30 00:00:00+05:30,12.26,13.69,12.25,13.11,676731
HARDWYN,2025-10-01 00:00:00+05:30,13.28,14.4,13.2,13.54,913245
HARDWYN,2025-10-03 00:00:00+05:30,13.7,14.3,13.48,13.68,199201
HARDWYN,2025-10-06 00:00:00+05:30,13.88,13.88,13.16,13.39,157213
HARDWYN,2025-10-07 00:00:00+05:30,13.4,13.9,12.99,13.33,256837
HARDWYN,2025-10-08 00:00:00+05:30,13.05,13.85,13.05,13.51,195555
HARDWYN,2025-10-09 00:00:00+05:30,13.48,13.66,13.13,13.4,215113
HARDWYN,2025-10-10 00:00:00+05:30,13.3,13.8,13.26,13.53,1119665
HARDWYN,2025-10-13 00:00:00+05:30,13.53,14.0,13.42,13.57,222694
HARDWYN,2025-10-14 00:00:00+05:30,13.57,13.96,10.9,12.07,3930141
HARDWYN,2025-10-15 00:00:00+05:30,12.19,12.48,12.1,12.2,1592183
HARDWYN,2025-10-16 00:00:00+05:30,12.2,12.8,10.87,12.65,3474243
HARDWYN,2025-10-17 00:00:00+05:30,12.64,12.64,11.06,12.27,730816
HARDWYN,2025-10-20 00:00:00+05:30,12.28,12.7,11.86,12.36,271281
HARDWYN,2025-10-21 00:00:00+05:30,12.6,12.6,12.0,12.45,99301
HARDWYN,2025-10-23 00:00:00+05:30,12.31,13.5,12.1,13.16,4795922
HARDWYN,2025-10-24 00:00:00+05:30,13.3,14.44,13.1,14.06,3594090
HARDWYN,2025-10-27 00:00:00+05:30,14.05,14.55,14.04,14.21,4024745
HARDWYN,2025-10-28 00:00:00+05:30,14.1,14.7,14.05,14.51,2650336
HARDWYN,2025-10-29 00:00:00+05:30,14.5,14.8,14.0,14.57,1599892
HARDWYN,2025-10-30 00:00:00+05:30,14.79,15.0,14.54,14.66,2968639
HARDWYN,2025-10-31 00:00:00+05:30,14.75,14.8,14.53,14.72,1968519
HARDWYN,2025-11-03 00:00:00+05:30,14.76,15.6,14.62,15.5,5129061
HARDWYN,2025-11-04 00:00:00+05:30,15.5,15.8,15.4,15.56,2468227
HARDWYN,2025-11-06 00:00:00+05:30,15.42,15.42,14.52,14.71,1094975
HARDWYN,2025-11-07 00:00:00+05:30,14.7,15.82,14.5,15.72,4189582
HARDWYN,2025-11-10 00:00:00+05:30,15.77,16.4,15.7,16.25,2604611
HARDWYN,2025-11-11 00:00:00+05:30,16.25,16.39,15.5,15.54,1666221
HARDWYN,2025-11-12 00:00:00+05:30,15.66,16.17,15.35,15.99,1277595
HARDWYN,2025-11-13 00:00:00+05:30,15.49,16.3,15.0,16.18,1073966
HARDWYN,2025-11-14 00:00:00+05:30,16.39,16.45,15.8,16.37,1347504
HARDWYN,2025-11-17 00:00:00+05:30,16.37,16.4,15.8,15.99,1219092
HARDWYN,2025-11-18 00:00:00+05:30,16.05,16.35,15.53,15.78,1742323
HARDWYN,2025-11-19 00:00:00+05:30,15.86,16.3,15.75,15.98,1782401
HARDWYN,2025-11-20 00:00:00+05:30,15.8,16.1,15.51,15.67,2379583
HARDWYN,2025-11-21 00:00:00+05:30,15.53,16.45,15.51,16.38,3351524
HARDWYN,2025-11-24 00:00:00+05:30,16.45,16.74,16.11,16.5,3876305
HARDWYN,2025-11-25 00:00:00+05:30,16.5,16.73,16.3,16.46,4134168
HARDWYN,2025-11-26 00:00:00+05:30,16.25,17.8,16.24,17.54,5862408
HARDWYN,2025-11-27 00:00:00+05:30,17.53,17.9,16.93,17.22,8045109
HARDWYN,2025-11-28 00:00:00+05:30,17.26,17.9,16.21,17.75,3519821
